300
301
302
303
304
305
306
307
308
309
310
311
312
313
314
315
316 X
317
318
319
320 X
321 X
322
323
324
325
326
327
328
329
330
331
332 X
333
334
335
336
337
338
339
340
341
342
343 X
344
345
346
347
348
349
350
351
352
353
354
355
356
357
358
359
360
361
362
363 X
364 X
365
366
367
368
369
370
371
372
373
374
375
376 X
377
378
379
380 X
381
382 X
383
384 X
385
386
387
388
389
390
391
392
393
394
395
396
397
*398 X
399
400
401 X
402
403
404
405 X
406
407
408 X
409
410 X
411
412
413
414 X
415
416 X
417
418
419
420
421
422
423
424
425
426 X
427
428
429
430
431 X
432
433
434
435
436
437
438
439 X
440 X
441
442
443
444
445
446 X
447 X
448
449 X
450
451
452
453
454
455
456
457
458
459 X
460
461
462
463
464
465
466
467
468
469
470
471
472 X
473
474
475
476
477
478
479 X
480
481
482
483
484
485 X
486 X
487
488
489
490
491
492 X
493 X
494
495
496
497
498
499
500
501
502
503
504
505
506 X
507
508 X
509
510
511
512
513
514
515
516
517
518
519 X
520
521
522
523
524
525
526
527
528
529
530
531
532
533
534
535
536
537
538
539
540 X
541
542
543
544
545
546
547
548
549
550
551
552
553
554
555 X
556
557
558
559
560
561
562
563
564
565
566
567
568
569
570
571 X
572
573
574
575
576
577
578
579
580
581
582
583
584
585
586
587
588
589
590
591
592
593
594
595
596
597
598
599
600
601
602
603
604
605
606
607
608
609
610
611 X
612
613
614
615
616
617
618
619
620
621 X
622
623 X
624 X
625
626
627
628
629
630
631 X
632 XX
633
634
635
636
637
638
639
640
641
642 X
643
644
645
646
647
648
649
650
651
652
653
654
655
656
657
658
659
660
661
662
663
664
665
666
667
668
669
670
671
672
673
674
675
676
677
678
679
680
681
682
683
684
685
